{
    "poses": [[[-0.6475328207015991, 0.08505844324827194, 0.7572755813598633, -0.12696516513824463], [0.0484103187918663, 0.9963352680206299, -0.0705152302980423, -0.02665587142109871], [-0.7604982852935791, -0.009000979363918304, -0.6492775678634644, 0.24984727799892426], [0.0, 0.0, 0.0, 1.0]], [[0.9967094659805298, 0.07067842781543732, -0.03968381509184837, 0.04615741968154907], [-0.06819124519824982, 0.9958134889602661, 0.060872882604599, -0.03054618276655674], [0.043820079416036606, -0.05796648561954498, 0.9973563551902771, -0.03501468896865845], [0.0, 0.0, 0.0, 1.0]], [[-0.6992785930633545, 0.08837711811065674, 0.7093652486801147, -0.09501510858535767], [-0.03236853703856468, 0.9873960018157959, -0.1549241840839386, -0.00308331660926342], [-0.714116096496582, -0.1312962770462036, -0.6876041889190674, 0.2294258028268814], [0.0, 0.0, 0.0, 1.0]], [[0.9965440630912781, 0.059586554765701294, -0.05787140503525734, 0.0], [-0.06501992046833038, 0.9931528568267822, -0.09705406427383423, 0.0], [0.051692042499780655, 0.10048146545886993, 0.9935950636863708, 0.0], [0.0, 0.0, 0.0, 1.0]]]
}